2 0.805 0.7266666666666667 0.22 0.35833333333333334
2 0.5933333333333334 0.725 0.21666666666666667 0.355
2 0.39 0.7716666666666666 0.23333333333333334 0.4
2 0.19 0.3233333333333333 0.18333333333333332 0.31166666666666665
2 0.5416666666666666 0.35333333333333333 0.18666666666666668 0.35
2 0.38666666666666666 0.5466666666666666 0.21666666666666667 0.215
2 0.39 0.3233333333333333 0.14166666666666666 0.24166666666666667
2 0.2816666666666667 0.13833333333333334 0.17 0.25833333333333336
2 0.455 0.14666666666666667 0.165 0.21333333333333335
2 0.705 0.52 0.17333333333333334 0.23833333333333334
2 0.7083333333333334 0.395 0.15 0.21333333333333335