2 0.04833333333333333 0.19666666666666666 0.09666666666666666 0.225
2 0.125 0.3616666666666667 0.17166666666666666 0.22166666666666668
2 0.21 0.10833333333333334 0.17666666666666667 0.21666666666666667
2 0.2866666666666667 0.2966666666666667 0.17333333333333334 0.22333333333333333
2 0.12666666666666668 0.845 0.18833333333333332 0.24
2 0.31 0.8666666666666667 0.17333333333333334 0.225
2 0.4716666666666667 0.9016666666666666 0.195 0.19666666666666666
2 0.4583333333333333 0.34 0.18333333333333332 0.22
2 0.5916666666666667 0.20166666666666666 0.17166666666666666 0.23
2 0.7616666666666667 0.17166666666666666 0.17 0.245
2 0.9166666666666666 0.27666666666666667 0.16666666666666666 0.23833333333333334
2 0.885 0.51 0.19 0.21833333333333332
2 0.7233333333333334 0.415 0.18 0.24
2 0.5033333333333333 0.555 0.19 0.245
2 0.435 0.6883333333333334 0.18833333333333332 0.23833333333333334
2 0.3283333333333333 0.6383333333333333 0.16166666666666665 0.23833333333333334
2 0.6833333333333333 0.6433333333333333 0.18 0.21333333333333335
2 0.735 0.8683333333333333 0.17666666666666667 0.24166666666666667
2 0.97 0.69 0.058333333333333334 0.23
2 0.87 0.7983333333333333 0.16666666666666666 0.23166666666666666
2 0.21833333333333332 0.6216666666666667 0.12166666666666667 0.21
2 0.37166666666666665 0.085 0.18166666666666667 0.17