0 0.55 0.18166666666666667 0.26 0.36333333333333334
0 0.7233333333333334 0.2916666666666667 0.21833333333333332 0.3233333333333333
0 0.77 0.5816666666666667 0.2633333333333333 0.385
0 0.7366666666666667 0.92 0.2916666666666667 0.16
0 0.515 0.53 0.24 0.345
0 0.31333333333333335 0.31333333333333335 0.21 0.31333333333333335
0 0.10666666666666667 0.27 0.21333333333333335 0.3433333333333333
0 0.06 0.5816666666666667 0.12 0.32
0 0.255 0.6183333333333333 0.24666666666666667 0.355
0 0.425 0.83 0.2633333333333333 0.33
0 0.22333333333333333 0.9683333333333334 0.19666666666666666 0.06333333333333334
0 0.06166666666666667 0.8966666666666666 0.12166666666666667 0.20666666666666667