1 0.22166666666666668 0.21333333333333335 0.18833333333333332 0.22
1 0.22166666666666668 0.3983333333333333 0.185 0.17833333333333334
1 0.22 0.5883333333333334 0.19 0.20833333333333334
1 0.23833333333333334 0.8 0.19333333333333333 0.23166666666666666
1 0.47 0.15 0.20333333333333334 0.22833333333333333
1 0.7966666666666666 0.22666666666666666 0.17 0.20333333333333334
1 0.6416666666666667 0.19 0.17833333333333334 0.21166666666666667
1 0.3516666666666667 0.23166666666666666 0.14833333333333334 0.19333333333333333
1 0.36333333333333334 0.425 0.13333333333333333 0.16
1 0.48333333333333334 0.7766666666666666 0.19833333333333333 0.22333333333333333
1 0.465 0.5516666666666666 0.22333333333333333 0.23333333333333334
1 0.5466666666666666 0.36666666666666664 0.2 0.215
1 0.6483333333333333 0.565 0.18666666666666668 0.21666666666666667
1 0.6483333333333333 0.78 0.16666666666666666 0.21
1 0.76 0.405 0.16833333333333333 0.16166666666666665
1 0.8 0.5866666666666667 0.17 0.20166666666666666
1 0.79 0.7833333333333333 0.16166666666666665 0.20166666666666666