1 0.8466666666666667 0.6133333333333333 0.14166666666666666 0.19666666666666666
1 0.7166666666666667 0.625 0.15333333333333332 0.19
1 0.57 0.6466666666666666 0.17666666666666667 0.215
1 0.4066666666666667 0.6633333333333333 0.18166666666666667 0.22333333333333333
1 0.29 0.6383333333333333 0.12666666666666668 0.225
1 0.15166666666666667 0.5883333333333334 0.11833333333333333 0.16833333333333333
1 0.43833333333333335 0.4716666666666667 0.17166666666666666 0.18
1 0.25 0.4533333333333333 0.11666666666666667 0.13666666666666666
1 0.48333333333333334 0.19333333333333333 0.16666666666666666 0.145
1 0.615 0.3283333333333333 0.165 0.15666666666666668
1 0.73 0.46 0.15666666666666668 0.15166666666666667
1 0.595 0.4683333333333333 0.13833333333333334 0.15166666666666667
1 0.4666666666666667 0.3333333333333333 0.15166666666666667 0.165
1 0.36 0.325 0.12166666666666667 0.14833333333333334