1 0.12666666666666668 0.11666666666666667 0.22833333333333333 0.23166666666666666
1 0.37 0.12333333333333334 0.22166666666666668 0.22833333333333333
1 0.12166666666666667 0.375 0.22666666666666666 0.23666666666666666
1 0.12333333333333334 0.63 0.22333333333333333 0.225
1 0.12333333333333334 0.8766666666666667 0.22333333333333333 0.24333333333333335
1 0.37833333333333335 0.375 0.25333333333333335 0.24166666666666667
1 0.37666666666666665 0.6233333333333333 0.23833333333333334 0.24166666666666667
1 0.37833333333333335 0.88 0.23666666666666666 0.235
1 0.63 0.87 0.23 0.24
1 0.625 0.6233333333333333 0.23166666666666666 0.225
1 0.6283333333333333 0.37 0.23166666666666666 0.235
1 0.6233333333333333 0.12333333333333334 0.23 0.24
1 0.875 0.12333333333333334 0.23166666666666666 0.22833333333333333
1 0.875 0.37333333333333335 0.23 0.24166666666666667
1 0.875 0.625 0.23 0.23333333333333334
1 0.875 0.8766666666666667 0.22166666666666668 0.23666666666666666