2 0.195 0.8583333333333333 0.26166666666666666 0.2833333333333333
2 0.09 0.52 0.17833333333333334 0.45666666666666667
2 0.21666666666666667 0.235 0.26 0.39666666666666667
2 0.475 0.4766666666666667 0.24833333333333332 0.39
2 0.6466666666666666 0.8216666666666667 0.24833333333333332 0.3566666666666667
2 0.9283333333333333 0.47 0.14333333333333334 0.3933333333333333
2 0.9083333333333333 0.14 0.18333333333333332 0.28
2 0.6716666666666666 0.145 0.24166666666666667 0.28833333333333333
2 0.42333333333333334 0.14833333333333334 0.24666666666666667 0.2966666666666667
2 0.23 0.5533333333333333 0.225 0.3383333333333333
2 0.39666666666666667 0.8183333333333334 0.23666666666666666 0.3616666666666667
2 0.7983333333333333 0.91 0.27 0.18
2 0.8866666666666667 0.8083333333333333 0.225 0.315